A1 = 2.0*(-2.0*gamma**2*cos(3.14159265358979*gamma) + 2.0*gamma**2*cos(6.28318530717959*gamma) + 1.5*gamma*cos(3.14159265358979*gamma) - 3.0*gamma*cos(6.28318530717959*gamma) + 1.5*gamma + 1.25*cos(6.28318530717959*gamma) - 1.25)/((gamma - 1.0)**2*(-cos(1.5707963267949*gamma) + cos(4.71238898038469*gamma)))
A2 = 2.0*(3.5*gamma**2*sin(3.14159265358979*gamma) + 0.5*gamma**2*sin(6.28318530717959*gamma) - 0.5*gamma**2*sin(9.42477796076938*gamma) + 0.25*gamma**2/tan(1.5707963267949*gamma) - 0.25*gamma**2*cos(10.9955742875643*gamma)/sin(1.5707963267949*gamma) - 8.75*gamma*sin(3.14159265358979*gamma) - 0.25*gamma*sin(6.28318530717959*gamma) + 0.25*gamma*sin(9.42477796076938*gamma) - 0.125*gamma/tan(1.5707963267949*gamma) + 0.125*gamma*cos(10.9955742875643*gamma)/sin(1.5707963267949*gamma) + 5.0*sin(3.14159265358979*gamma))*sin(1.5707963267949*gamma)/((gamma - 1.0)**2*(-cos(1.5707963267949*gamma) + cos(4.71238898038469*gamma)))
A3 = (4.0*gamma**2*cos(3.14159265358979*gamma) - 4.0*gamma**2 - 11.0*gamma*cos(3.14159265358979*gamma) + gamma*cos(6.28318530717959*gamma) + 10.0*gamma + 6.0*cos(3.14159265358979*gamma) - 0.5*cos(6.28318530717959*gamma) - 5.5)/((gamma - 1.0)**2*(-cos(1.5707963267949*gamma) + cos(4.71238898038469*gamma)))
A4 = -2.0*(2.0*gamma*sin(3.14159265358979*gamma)**2 + 4.0*gamma*cos(3.14159265358979*gamma) - 4.0*gamma - sin(3.14159265358979*gamma)**2 - 3.0*cos(3.14159265358979*gamma) + 3.0)*sin(1.5707963267949*gamma)/(gamma*cos(1.5707963267949*gamma) - gamma*cos(4.71238898038469*gamma) - cos(1.5707963267949*gamma) + cos(4.71238898038469*gamma))

A1 = 5.0 - 0.499999999999999*gamma - 6.16850275068084*gamma**2 + 4.81795192547661*gamma**3 + 4.7357486397776*gamma**4 + 3.51203256852389*gamma**5 + O(gamma**6)
A2 = -5.0 - 0.999999999999996*gamma**2 - 6.93480220054468*gamma**3 - 2.99999999999998*gamma**4 + 4.99351432696144*gamma**5 + O(gamma**6)
A3 = 2.0 + 0.499999999999999*gamma + 5.93480220054468*gamma**2 + 2.11685027506808*gamma**3 + 4.3176725604785*gamma**4 + 0.0499223944121967*gamma**5 + O(gamma**6)
A4 = 1.5707963267949*gamma + 1.5707963267949*gamma**2 + 10.6142936918823*gamma**3 - 4.88884464826757*gamma**4 - 3.6137626283289*gamma**5 + O(gamma**6)
